SCD 1
1 22490U 93009B   15164.19390956  .00000459  00000-0  77861-4 0  9998
2 22490  24.9685 149.6246 0043324 136.6002 319.0408 14.44345069179225
TRMM
1 25063U 97074A   15164.19552060  .01559468  12678-5  66875-3 0  9990
2 25063  34.9418 222.8950 0003051  85.6015 312.7986 16.21624360  1456
TECHSAT 1B (GO-32)
1 25397U 98043D   15163.48021968  .00000082  00000-0  54557-4 0  9994
2 25397  98.5192 114.0696 0001500  32.0457 102.6567 14.23548386879124
SCD 2
1 25504U 98060A   15162.80037485  .00000419  00000-0  68651-4 0  9993
2 25504  24.9968 356.7774 0017343 166.3913 297.6658 14.43882815878394
LANDSAT 7
1 25682U 99020A   15161.75033413  .00000516  00000-0  12464-3 0  9995
2 25682  98.2170 231.7546 0001162  78.3572 281.7748 14.57107482859202
DLR-TUBSAT
1 25757U 99029B   15158.57214225 -.00000056  00000-0 -24431-5 0  9995
2 25757  98.4541  57.5609 0015225  46.7482 313.4981 14.51274504849044
QUIKSCAT
1 25789U 99034A   15161.61035455  .00000065  00000-0  44580-4 0  9995
2 25789  98.6119 350.6587 0001785  66.9972 293.1397 14.27206345831977
IKONOS 2
1 25919U 99051A   15164.19361281  .00001712  00000-0  20081-3 0  9993
2 25919  98.0795 240.9418 0008785  47.1219 313.0742 14.86299745840339
TERRA
1 25994U 99068A   15164.16681987  .00000389  00000-0  96471-4 0  9995
2 25994  98.2111 238.7840 0001501 107.8023 252.3365 14.57106810823634
EO-1
1 26619U 00075A   15164.16958326  .00001773  00000-0  34675-3 0  9999
2 26619  97.9296 213.5315 0008250 275.0518  84.9764 14.64029706775973
EROS A1
1 26631U 00079A   15163.74166590  .00043149  00000-0  10685-2 0  9991
2 26631  97.5498 253.7445 0005152  62.3819  95.9076 15.40283515805849
BADR-B
1 27003U 01056C   15162.49930691  .00000004  00000-0  52619-4 0  9991
2 27003  99.2426 316.6555 0021223  92.0332 314.9206 13.70202996675211
MAROC-TUBSAT
1 27004U 01056D   15161.16147353 -.00000013  00000-0  33212-4 0  9999
2 27004  99.2476 314.7058 0020790  97.2029  10.1463 13.70104861674987
SPOT 5
1 27421U 02021A   15164.19220943  .00000247  00000-0  13373-3 0  9991
2 27421  98.5111 219.9517 0001423  93.4454 343.0439 14.20889739679566
AQUA
1 27424U 02022A   15161.86356961  .00000799  00000-0  18734-3 0  9994
2 27424  98.1951 102.9044 0000598 107.7300 315.8928 14.57111121696904
IRS-P6 (RESOURCESAT-1)
1 28051U 03046A   15164.14687878  .00000108  00000-0  68961-4 0  9998
2 28051  98.6900 242.5622 0002701 309.8896  50.2051 14.21635427604846
TANSUO 1 (TS 1)
1 28220U 04012A   15163.52670619  .00004205  00000-0  36629-3 0  9993
2 28220  97.5971 123.0232 0012720  96.6528 328.7519 14.97369716606263
FORMOSAT-2 (ROCSAT 2)
1 28254U 04018A   15163.86642572  .00000105  00000-0  10000-3 0  9990
2 28254  98.9918 229.0064 0001928  82.2868  45.5273 14.00775483565656
AURA
1 28376U 04026A   15161.85693760  .00000799  00000-0  18734-3 0  9997
2 28376  98.1935 105.0686 0001475  83.5753 276.5614 14.57130250579951
IRS-P5 (CARTOSAT-1)
1 28649U 05017A   15163.78907762  .00000228  00000-0  34258-4 0  9992
2 28649  97.9365 235.2509 0000739 327.6599  32.4506 14.83384395546953
SINAH 1
1 28893U 05043D   15164.13597072  .00000562  00000-0  12293-3 0  9996
2 28893  97.8208 349.5214 0014308 316.2297 155.9000 14.61146941513107
EROS B
1 29079U 06014A   15164.11521096  .00010513  00000-0  54751-3 0  9995
2 29079  97.4620 281.8935 0010905  78.5617  45.8334 15.16137856506429
RESURS-DK 1
1 29228U 06021A   15164.16564580  .00000629  00000-0  55999-4 0  9992
2 29228  69.9362 167.3030 0003876 345.6148  83.4888 15.01513168497746
ARIRANG-2 (KOMPSAT-2)
1 29268U 06031A   15164.13048447  .00000575  00000-0  12415-3 0  9998
2 29268  98.1600  63.9349 0018951 146.0386 214.2032 14.61913646473581
LAPAN-TUBSAT
1 29709U 07001A   15163.42300599  .00000410  00000-0  58209-4 0  9996
2 29709  97.6269 158.5928 0012907 349.4093  10.6857 14.81763444455011
CARTOSAT-2 (IRS-P7)
1 29710U 07001B   15163.82234154  .00000878  00000-0  12663-3 0  9996
2 29710  97.8914 222.7992 0001715  47.7975 312.3355 14.78723911454520
HAIYANG-1B
1 31113U 07010A   15162.44577792  .00000161  00000-0  79908-4 0  9992
2 31113  98.6733 213.9747 0015637 114.3610 245.9210 14.29761031426175
COSMO-SKYMED 1
1 31598U 07023A   15164.18829153 -.00000153  00000-0 -12706-4 0  9993
2 31598  97.8847 348.1934 0001705  94.6479 265.4877 14.82156253433573
TERRASAR-X
1 31698U 07026A   15163.41848503  .00002536  00000-0  12390-3 0  9995
2 31698  97.4459 170.5757 0001666  92.0241 268.1184 15.19153308443171
WORLDVIEW-1 (WV-1)
1 32060U 07041A   15161.80203167  .00005161  00000-0  21457-3 0  9999
2 32060  97.8594 256.4063 0004438  50.8051 105.6081 15.24268084429915
YAOGAN 3
1 32289U 07055A   15164.13488250  .00000410  00000-0  60439-4 0  9990
2 32289  97.9632 158.4306 0001753 100.8704 259.2710 14.80473154409966
COSMO-SKYMED 2
1 32376U 07059A   15161.79163262 -.00002294  00000-0 -28178-3 0  9990
2 32376  97.8844 345.8293 0001272  79.9406 280.2003 14.82139362405962
RADARSAT-2
1 32382U 07061A   15163.78847315  .00000054  00000-0  37791-4 0  9991
2 32382  98.5749 171.0921 0001334  89.3423  28.7119 14.29983429391195
CARTOSAT-2A
1 32783U 08021A   15162.17538716  .00000615  00000-0  90763-4 0  9998
2 32783  97.8885 221.0424 0013312 175.8173 184.3161 14.78705109384222
IMS-1
1 32786U 08021D   15163.75815421  .00001708  00000-0  21272-3 0  9999
2 32786  97.6555 199.2108 0013948 107.8817 252.3941 14.83646087384976
JASON 2 (OSTM)
1 33105U 08032A   15161.19911152 -.00000051  00000-0  43455-4 0  9990
2 33105  66.0406 214.6081 0008310 270.1648 123.1814 12.80928942326071
RAPIDEYE 2
1 33312U 08040A   15162.16247170  .00000464  00000-0  68193-4 0  9992
2 33312  97.8711 248.8275 0010978 218.2124 141.8321 14.79926195366365
RAPIDEYE 5
1 33313U 08040B   15163.47215161  .00000592  00000-0  85056-4 0  9992
2 33313  97.8605 248.4072 0018980  95.7475 264.5910 14.79927022366500
RAPIDEYE 1
1 33314U 08040C   15163.46027043  .00000532  00000-0  77120-4 0  9999
2 33314  97.8672 249.8718 0022549 231.1364 128.7842 14.79920988366549
RAPIDEYE 3
1 33315U 08040D   15163.76852346  .00000569  00000-0  82143-4 0  9996
2 33315  97.8586 248.4257 0012879 160.7883 199.3814 14.79930095366559
RAPIDEYE 4
1 33316U 08040E   15163.48411309  .00000569  00000-0  82104-4 0  9993
2 33316  97.8563 247.7952 0013556 113.4841 246.7808 14.79927108366507
HUANJING 1A (HJ-1A)
1 33320U 08041A   15164.18743080  .00000899  00000-0  13695-3 0  9995
2 33320  98.0292 226.1382 0025334 230.2617 129.6387 14.76189448364321
HUANJING 1B (HJ-1B)
1 33321U 08041B   15164.15505609  .00000947  00000-0  14332-3 0  9999
2 33321  98.0322 226.8645 0033772 247.6415 112.1235 14.76221888364300
GEOEYE 1
1 33331U 08042A   15164.17224757  .00000529  00000-0  10860-3 0  9993
2 33331  98.1062 239.3083 0010526  58.3556 301.8704 14.64563431361544
THEOS
1 33396U 08049A   15163.84124336  .00000150  00000-0  91133-4 0  9999
2 33396  98.7680 230.3142 0001326  95.5405  29.5631 14.19993146347118
COSMO-SKYMED 3
1 33412U 08054A   15161.77900617  .00000286  00000-0  42515-4 0  9998
2 33412  97.8844 345.8165 0001608  88.2394 271.9004 14.82158764358427
YAOGAN 4
1 33446U 08061A   15164.12917306  .00000992  00000-0  15100-3 0  9991
2 33446  97.6429 192.8573 0017397 165.2975 194.8755 14.75905978351571
GOSAT (IBUKI)
1 33492U 09002A   15163.81508379 -.00000272  00000-0 -39426-4 0  9990
2 33492  98.0733 272.7900 0001736  85.5943 274.5443 14.67543453341976
YAOGAN 6
1 34839U 09021A   15164.16281980  .00004422  00000-0  18726-3 0  9990
2 34839  97.2430 232.4202 0032110  44.4286   7.4202 15.23194939340596
DEIMOS-1
1 35681U 09041A   15164.16047101  .00000504  00000-0  89471-4 0  9996
2 35681  98.0284  58.7420 0002368 118.2828 241.8635 14.71381864315046
DUBAISAT-1
1 35682U 09041B   15164.18697153  .00000646  00000-0  12029-3 0  9998
2 35682  97.8996  43.2932 0011459 345.7413  14.3472 14.68205495314344
OCEANSAT 2
1 35931U 09051A   15162.34506701  .00000619  00000-0  16798-3 0  9997
2 35931  98.2698 256.2153 0001253 317.6509  77.9450 14.50876987302610
WORLDVIEW-2 (WV-2)
1 35946U 09055A   15163.81442296  .00000071  00000-0  37774-4 0  9998
2 35946  98.3861 239.2323 0001953 108.1969 251.9413 14.37805866297843
SMOS
1 36036U 09059A   15163.46774790  .00000345  00000-0  12389-3 0  9999
2 36036  98.4454 350.6366 0001362  92.1822 267.9522 14.39778599294740
YAOGAN 7
1 36110U 09069A   15164.13833864  .00000459  00000-0  75505-4 0  9992
2 36110  98.1134 305.3217 0023184 306.4384  53.4692 14.75172268296511
TANDEM-X
1 36605U 10030A   15164.07716444  .00002449  00000-0  11975-3 0  9999
2 36605  97.4457 171.2552 0001289  93.6471 266.4911 15.19156427276017
CARTOSAT 2B
1 36795U 10035A   15161.80547808  .00000509  00000-0  76432-4 0  9993
2 36795  97.9351 220.0718 0013358 254.8695 105.1043 14.78660709265213
YAOGAN 10
1 36834U 10038A   15164.15729441  .00000585  00000-0  83197-4 0  9996
2 36834  97.8881 159.5692 0001576  95.2262 264.9146 14.80462634261716
COSMO-SKYMED 4
1 37216U 10060A   15162.48361932  .00000310  00000-0  45482-4 0  9998
2 37216  97.8838 346.5085 0001538  83.5519 276.5892 14.82160646248611
SAC-D
1 37673U 11024A   15163.53521627  .00000990  00000-0  16486-3 0  9997
2 37673  98.0104 170.5829 0002109  72.9740  39.7183 14.72185673215253
HAIYANG 2A
1 37781U 11043A   15164.13892993  .00000930  00000-0  94910-3 0  9994
2 37781  99.3452 175.1503 0002192 109.4645 250.6769 13.79301856192678
RASAT
1 37791U 11044D   15164.18135081  .00000327  00000-0  70863-4 0  9991
2 37791  98.1593 252.4647 0020666 273.6019  86.2826 14.64369520204190
MEGHA-TROPIQUES
1 37838U 11058A   15163.66333861  .00000418  00000-0  86764-4 0  9994
2 37838  19.9776 264.4623 0009943 279.0606  80.8673 14.09689097189195
SRMSAT
1 37841U 11058D   15163.57137612  .00000412  00000-0  81762-4 0  9991
2 37841  19.9718 257.1106 0011754 282.5221 197.6270 14.10481957189293
YAOGAN 13
1 37941U 11072A   15162.81464666  .00003729  00000-0  18741-3 0  9996
2 37941  97.4524  89.3797 0001604 163.4601 281.0576 15.17873208195952
PLEIADES 1A
1 38012U 11076F   15164.14010516  .00000309  00000-0  76232-4 0  9990
2 38012  98.1927 238.9154 0001588  84.6971 275.4424 14.58572709185719
ZIYUAN 1-02C (ZY 1-02C)
1 38038U 11079A   15164.15462547  .00000205  00000-0  86345-4 0  9998
2 38038  98.4283 237.2880 0001698 101.9798 258.1594 14.35407237182053
ZIYUAN 3 (ZY 3)
1 38046U 12001A   15163.78895154  .00006300  00000-0  28380-3 0  9991
2 38046  97.3657 238.5414 0004334  97.2072  50.7170 15.21392911190147
RISAT 1
1 38248U 12017A   15164.14661128  .00001991  00000-0  12999-3 0  9995
2 38248  97.5613 171.1263 0005442  55.7546   7.9784 15.08980210172397
ARIRANG-3 (KOMPSAT-3)
1 38338U 12025B   15164.13412351  .00000413  00000-0  92827-4 0  9992
2 38338  98.1267 101.8355 0011355 109.8339 250.4099 14.61344992163823
KANOPUS-V 1
1 38707U 12039A   15163.75957397  .00002646  00000-0  12644-3 0  9996
2 38707  97.4693  79.1187 0002143  91.3828 353.1787 15.19892860160346
SPOT 6
1 38755U 12047A   15163.74309135  .00000294  00000-0  73016-4 0  9996
2 38755  98.1525 230.4338 0001235  81.3656 278.7691 14.58567145146730
PLEIADES 1B
1 39019U 12068A   15164.10561270  .00000298  00000-0  73975-4 0  9992
2 39019  98.1984 238.7668 0001441  85.2460 274.8912 14.58564786134564
GOKTURK 2
1 39030U 12073A   15164.12463858  .00000311  00000-0  66273-4 0  9995
2 39030  98.0702  59.2867 0013584 293.7886  66.1905 14.65415571132691
LANDSAT 8
1 39084U 13008A   15161.78442602  .00000347  00000-0  87050-4 0  9991
2 39084  98.2287 231.6925 0001336  92.6767 267.4585 14.57101084123677
SARAL
1 39086U 13009A   15163.83053487  .00000125  00000-0  62326-4 0  9994
2 39086  98.5445 351.6928 0001343  44.8882 315.2410 14.32260574119856
GAOFEN 1
1 39150U 13018A   15164.15968953  .00000582  00000-0  90903-4 0  9994
2 39150  98.0001 245.7930 0017140 264.6429  95.2835 14.76507521114785
VNREDSAT 1
1 39160U 13021B   15164.14076145  .00000744  00000-0  15468-3 0  9993
2 39160  98.1490 240.8520 0001493  89.8684 270.2701 14.62886446112139
ARIRANG-5 (KOMPSAT-5)
1 39227U 13042A   15164.20706001  .00016736  00000-0  11970-2 0  9999
2 39227  97.5998 349.8703 0005806 257.8147 102.2887 15.04505744 99189
SKYSAT-1
1 39418U 13066C   15164.15148719  .00001457  00000-0  12982-3 0  9996
2 39418  97.7537 243.4684 0021337 227.0645 132.8813 14.97441842 85034
DUBAISAT-2
1 39419U 13066D   15164.16036702  .00000740  00000-0  77272-4 0  9994
2 39419  97.7503 239.6842 0013996 188.5367 171.5711 14.92592731 84816
GPM-CORE
1 39574U 14009C   15161.37273831  .00020937  00000-0  30703-3 0  9997
2 39574  65.0157 269.2016 0010514 277.4718  82.5234 15.55515520 72756
SENTINEL-1A
1 39634U 14016A   15164.10430418 -.00000008  00000-0  81062-5 0  9996
2 39634  98.1805 171.2383 0001291  78.4154 281.7186 14.59198020 63499
KAZEOSAT 1
1 39731U 14024A   15161.74866018  .00000123  00000-0  51107-4 0  9992
2 39731  98.4846 237.0231 0001077  87.2344 272.8969 14.41974104 58613
ALOS-2
1 39766U 14029A   15164.14886670 -.00000278  00000-0 -30285-4 0  9995
2 39766  97.9203 261.0480 0001701  93.0659 267.0746 14.79469318 56921
KAZEOSAT 2
1 40010U 14033A   15163.70024124  .00000471  00000-0  65673-4 0  9995
2 40010  97.9539  61.7701 0018966 146.9957 213.2452 14.82174711 53005
HODOYOSHI-4
1 40011U 14033B   15162.81194477  .00000811  00000-0  11290-3 0  9999
2 40011  97.9507  59.5626 0027967 138.8134 221.5208 14.80269844 52796
DEIMOS-2
1 40013U 14033D   15161.81999497  .00000857  00000-0  10917-3 0  9990
2 40013  97.9372  60.6693 0001105 125.6968 234.4379 14.84087003 52803
HODOYOSHI-3
1 40015U 14033F   15163.28744262  .00001178  00000-0  16985-3 0  9991
2 40015  97.9499  58.5379 0038550 134.4708 225.9666 14.77667184 52783
SPOT 7
1 40053U 14034A   15163.43527961 -.00000045  00000-0  00000+0 0  9996
2 40053  98.1591 230.4546 0001096  98.0273 262.1058 14.58567053 50627
SKYSAT-2
1 40072U 14037D   15163.47923541  .00000650  00000-0  92311-4 0  9990
2 40072  98.3554 234.7904 0005272 249.5360 110.5294 14.80507898 50101
WORLDVIEW-3 (WV-3)
1 40115U 14048A   15161.72891653  .00000705  00000-0  88635-4 0  9999
2 40115  97.9533 236.8498 0001628  39.8175 320.3177 14.85194821 44665
YAOGAN 21
1 40143U 14053A   15164.07275731  .00007206  00000-0  29344-3 0  9994
2 40143  97.3838 239.5991 0009105 294.6362 178.5214 15.24753262 42378
YAOGAN 22
1 40275U 14063A   15162.75729054 -.00000044  00000-0  00000+0 0  9994
2 40275 100.3464 279.8780 0005433 315.4986  44.5694 13.15295990 30829
ASNARO
1 40298U 14070A   15163.47714126  .00009022  00000-0  42583-3 0  9991
2 40298  97.4585 245.5857 0001556 108.7457   6.8316 15.19674537 33130
HODOYOSHI-1
1 40299U 14070B   15163.47778310  .00005037  00000-0  24119-3 0  9994
2 40299  97.4553 245.0491 0014023 143.7979 338.0165 15.19314472 33104
CHUBUSAT-1
1 40300U 14070C   15163.47731747  .00005784  00000-0  28913-3 0  9995
2 40300  97.4524 244.3514 0023243 147.3712 268.7455 15.17597642 33068
QSAT-EOS
1 40301U 14070D   15163.46388403  .00010233  00000-0  51451-3 0  9990
2 40301  97.4486 243.7021 0033099 149.1007 339.4166 15.16946817 33021
TSUBAME
1 40302U 14070E   15162.77917139  .00005844  00000-0  32795-3 0  9990
2 40302  97.4463 241.9496 0044212 154.9052 300.7691 15.12885439 32858
YAOGAN 23
1 40305U 14071A   15164.11001931  .00006286  00000-0  31277-3 0  9993
2 40305  97.3543 108.0497 0001398 148.5181 334.9127 15.17951027 31914
YAOGAN 24
1 40310U 14072A   15164.14651119  .00000650  00000-0  10015-3 0  9998
2 40310  97.9301 282.6986 0015674 280.2168  79.7283 14.76674983 30228
CBERS-4
1 40336U 14079A   15163.75394899  .00000107  00000-0  52648-4 0  9994
2 40336  98.5254 238.9938 0001825  86.0596 274.0793 14.35429472 26903
RESURS P2
1 40360U 14087A   15164.13707291  .00004107  00000-0  12485-3 0  9995
2 40360  97.2865 258.6645 0004824 203.0142 249.7649 15.34599793 25821
YAOGAN 26
1 40362U 14088A   15164.15418698  .00009553  00000-0  36232-3 0  9996
2 40362  97.4192 240.0221 0003329 183.1265 257.8924 15.27070117 25626
SMAP
1 40376U 15003A   15164.07317673  .00000408  00000-0  88002-4 0  9994
2 40376  98.1224 171.5502 0000724  75.4983 284.6324 14.63386278 19386
KOMPSAT 3A
1 40536U 15014A   15161.82346402  .00003516  00000-0  20955-3 0  9991
2 40536  97.5186 101.1972 0013918  22.1856   1.9451 15.11756830 11620